[11966.557360] [Project1] 4668 1587983486.052897167 1587983486.864958239
[11968.144601] [Project1] 4669 1587983487.664768435 1587983488.457824455
[11969.750916] [Project1] 4670 1587983489.264795246 1587983490.067037794
[11971.324792] [Project1] 4671 1587983490.844911170 1587983491.641254229
[11972.912631] [Project1] 4672 1587983492.416920764 1587983493.227641051
[11974.496045] [Project1] 4673 1587983493.997060997 1587983494.808057288
[11976.060014] [Project1] 4674 1587983495.581123109 1587983496.367835398
[11977.636643] [Project1] 4675 1587983497.144770703 1587983497.939289587
[11979.244610] [Project1] 4676 1587983498.732791141 1587983499.541090257
[11980.832362] [Project1] 4677 1587983500.324857974 1587983501.122136561
